   4.3272000e+02
   4.3365500e+02
   4.3458900e+02
   4.3552200e+02
   4.3645300e+02
   4.3738300e+02
   4.3831100e+02
   4.3923800e+02
   4.4016400e+02
   4.4108900e+02
   4.4201200e+02
   4.4293500e+02
   4.4385500e+02
   4.4477500e+02
   4.4569300e+02
   4.4661000e+02
   4.4752600e+02
   4.4844100e+02
   4.4935400e+02
   4.5026600e+02
   4.5117700e+02
   4.5208700e+02
   4.5299600e+02
   4.5390300e+02
   4.5480900e+02
   4.5571400e+02
   4.5661800e+02
   4.5752100e+02
   4.5842200e+02
   4.5932300e+02
   4.6022200e+02
   4.6112000e+02
   4.6201700e+02
   4.6291300e+02
   4.6380700e+02
   4.6470100e+02
   4.6559400e+02
   4.6648500e+02
   4.6737500e+02
   4.6826500e+02
   4.6915300e+02
   4.7004000e+02
   4.7092600e+02
   4.7181100e+02
   4.7269500e+02
   4.7357700e+02
   4.7445900e+02
   4.7534000e+02
   4.7622000e+02
   4.7709800e+02
   4.7797600e+02
   4.7885300e+02
   4.7972900e+02
   4.8060300e+02
   4.8147700e+02
   4.8235000e+02
   4.8322100e+02
   4.8409200e+02
   4.8496200e+02
   4.8583100e+02
   4.8669800e+02
   4.8756500e+02
   4.8843100e+02
   4.8929600e+02
   4.9016000e+02
   4.9102300e+02
   4.9188600e+02
   4.9274700e+02
   4.9360700e+02
   4.9446700e+02
   4.9532500e+02
   4.9618300e+02
   4.9704000e+02
   4.9789600e+02
   4.9875100e+02
   4.9960500e+02
   5.0045800e+02
   5.0131000e+02
   5.0216200e+02
   5.0301300e+02
   5.0386200e+02
   5.0471100e+02
   5.0556000e+02
   5.0640700e+02
   5.0725300e+02
   5.0809900e+02
   5.0894400e+02
   5.0978800e+02
   5.1063100e+02
   5.1147400e+02
   5.1231500e+02
   5.1315600e+02
   5.1399600e+02
   5.1483500e+02
   5.1567400e+02
   5.1651100e+02
   5.1734800e+02
   5.1818400e+02
   5.1902000e+02
   5.1985400e+02
   5.2068800e+02
   5.2152100e+02
   5.2235400e+02
   5.2318500e+02
   5.2401600e+02
   5.2484600e+02
   5.2567600e+02
   5.2650500e+02
   5.2733300e+02
   5.2816000e+02
   5.2898700e+02
   5.2981300e+02
   5.3063800e+02
   5.3146200e+02
   5.3228600e+02
   5.3310900e+02
   5.3393200e+02
   5.3475300e+02
   5.3557500e+02
   5.3639500e+02
   5.3721500e+02
   5.3803400e+02
   5.3885200e+02
   5.3967000e+02
   5.4048700e+02
   5.4130400e+02
   5.4212000e+02
   5.4293500e+02
   5.4375000e+02
   5.4456400e+02
   5.4537700e+02
   5.4619000e+02
   5.4700200e+02
   5.4781300e+02
   5.4862400e+02
   5.4943400e+02
   5.5024400e+02
   5.5105300e+02
   5.5186200e+02
   5.5267000e+02
   5.5347700e+02
   5.5428400e+02
   5.5509000e+02
   5.5589600e+02
   5.5670100e+02
   5.5750500e+02
   5.5830900e+02
   5.5911200e+02
   5.5991500e+02
   5.6071700e+02
   5.6151900e+02
   5.6232000e+02
   5.6312100e+02
   5.6392100e+02
   5.6472000e+02
   5.6551900e+02
   5.6631800e+02
   5.6711600e+02
   5.6791300e+02
   5.6871000e+02
   5.6950600e+02
   5.7030200e+02
   5.7109700e+02
   5.7189200e+02
   5.7268600e+02
   5.7348000e+02
   5.7427400e+02
   5.7506600e+02
   5.7585900e+02
   5.7665100e+02
   5.7744200e+02
   5.7823300e+02
   5.7902300e+02
   5.7981300e+02
   5.8060300e+02
   5.8139200e+02
   5.8218000e+02
   5.8296800e+02
   5.8375600e+02
   5.8454300e+02
   5.8532900e+02
   5.8611600e+02
   5.8690100e+02
   5.8768700e+02
   5.8847200e+02
   5.8925600e+02
   5.9004000e+02
   5.9082400e+02
   5.9160700e+02
   5.9238900e+02
   5.9317200e+02
   5.9395300e+02
   5.9473500e+02
   5.9551600e+02
   5.9629600e+02
   5.9707600e+02
   5.9785600e+02
   5.9863500e+02
   5.9941400e+02
   6.0019300e+02
   6.0097100e+02
   6.0174900e+02
   6.0252600e+02
   6.0330300e+02
   6.0407900e+02
   6.0485500e+02
   6.0563100e+02
   6.0640600e+02
   6.0718100e+02
   6.0795600e+02
   6.0873000e+02
   6.0950400e+02
   6.1027700e+02
   6.1105000e+02
   6.1182300e+02
   6.1259500e+02
   6.1336700e+02
   6.1413900e+02
   6.1491000e+02
   6.1568100e+02
   6.1645100e+02
   6.1722100e+02
   6.1799100e+02
   6.1876000e+02
   6.1952900e+02
   6.2029800e+02
   6.2106600e+02
   6.2183400e+02
   6.2260200e+02
   6.2336900e+02
   6.2413600e+02
   6.2490300e+02
   6.2566900e+02
   6.2643500e+02
   6.2720100e+02
   6.2796600e+02
   6.2873100e+02
   6.2949500e+02
   6.3026000e+02
   6.3102400e+02
   6.3178700e+02
   6.3255100e+02
   6.3331300e+02
   6.3407600e+02
   6.3483800e+02
   6.3560100e+02
   6.3636200e+02
   6.3712400e+02
   6.3788500e+02
   6.3864600e+02
   6.3940600e+02
   6.4016600e+02
   6.4092600e+02
   6.4168600e+02
   6.4244500e+02
   6.4320400e+02
   6.4396200e+02
   6.4472100e+02
   6.4547900e+02
   6.4623700e+02
   6.4699400e+02
   6.4775100e+02
   6.4850800e+02
   6.4926500e+02
   6.5002100e+02
   6.5077700e+02
   6.5153300e+02
   6.5228800e+02
   6.5304300e+02
   6.5379800e+02
   6.5455300e+02
   6.5530700e+02
   6.5606100e+02
   6.5681500e+02
   6.5756800e+02
   6.5832100e+02
   6.5907400e+02
   6.5982700e+02
   6.6057900e+02
   6.6133200e+02
   6.6208300e+02
   6.6283500e+02
   6.6358600e+02
   6.6433700e+02
   6.6508800e+02
   6.6583800e+02
   6.6658900e+02
   6.6733900e+02
   6.6808800e+02
   6.6883800e+02
   6.6958700e+02
   6.7033600e+02
   6.7108400e+02
   6.7183300e+02
   6.7258100e+02
   6.7332900e+02
   6.7407600e+02
   6.7482400e+02
   6.7557100e+02
   6.7631800e+02
   6.7706400e+02
   6.7781100e+02
   6.7855700e+02
   6.7930300e+02
   6.8004800e+02
   6.8079400e+02
   6.8153900e+02
   6.8228400e+02
   6.8302800e+02
   6.8377300e+02
   6.8451700e+02
   6.8526000e+02
   6.8600400e+02
   6.8674700e+02
   6.8749100e+02
   6.8823300e+02
   6.8897600e+02
   6.8971800e+02
   6.9046100e+02
   6.9120300e+02
   6.9194400e+02
   6.9268600e+02
   6.9342700e+02
   6.9416800e+02
   6.9490800e+02
   6.9564900e+02
   6.9638900e+02
   6.9712900e+02
   6.9786900e+02
   6.9860800e+02
   6.9934800e+02
   7.0008700e+02
   7.0082600e+02
   7.0156400e+02
   7.0230200e+02
   7.0304100e+02
   7.0377800e+02
   7.0451600e+02
   7.0525300e+02
   7.0599100e+02
   7.0672800e+02
   7.0746400e+02
   7.0820100e+02
   7.0893700e+02
   7.0967300e+02
   7.1040900e+02
   7.1114400e+02
   7.1188000e+02
   7.1261500e+02
   7.1334900e+02
   7.1408400e+02
   7.1481800e+02
   7.1555300e+02
   7.1628700e+02
   7.1702000e+02
   7.1775400e+02
   7.1848700e+02
   7.1922000e+02
   7.1995300e+02
   7.2068500e+02
   7.2141700e+02
   7.2215000e+02
   7.2288100e+02
   7.2361300e+02
   7.2434400e+02
   7.2507500e+02
   7.2580600e+02
   7.2653700e+02
   7.2726800e+02
   7.2799800e+02
   7.2872800e+02
   7.2945700e+02
   7.3018700e+02
   7.3091600e+02
   7.3164500e+02
   7.3237400e+02
   7.3310300e+02
   7.3383100e+02
   7.3455900e+02
   7.3528700e+02
   7.3601500e+02
   7.3674200e+02
   7.3747000e+02
   7.3819700e+02
   7.3892300e+02
   7.3965000e+02
   7.4037600e+02
   7.4110200e+02
   7.4182800e+02
   7.4255400e+02
   7.4327900e+02
   7.4400400e+02
   7.4472900e+02
   7.4545400e+02
   7.4617800e+02
   7.4690200e+02
   7.4762600e+02
   7.4835000e+02
   7.4907400e+02
   7.4979700e+02
   7.5052000e+02
   7.5124300e+02
   7.5196500e+02
   7.5268700e+02
   7.5340900e+02
   7.5413100e+02
   7.5485300e+02
   7.5557400e+02
   7.5629500e+02
   7.5701600e+02
   7.5773700e+02
   7.5845700e+02
   7.5917800e+02
   7.5989700e+02
   7.6061700e+02
   7.6133700e+02
   7.6205600e+02
   7.6277500e+02
   7.6349300e+02
   7.6421200e+02
   7.6493000e+02
   7.6564800e+02
   7.6636600e+02
   7.6708300e+02
   7.6780100e+02
   7.6851800e+02
   7.6923500e+02
   7.6995100e+02
   7.7066700e+02
   7.7138300e+02
   7.7209900e+02
   7.7281500e+02
   7.7353000e+02
   7.7424500e+02
   7.7496000e+02
   7.7567400e+02
   7.7638900e+02
   7.7710300e+02
   7.7781700e+02
   7.7853000e+02
   7.7924300e+02
   7.7995600e+02
   7.8066900e+02
   7.8138200e+02
   7.8209400e+02
   7.8280600e+02
   7.8351800e+02
   7.8422900e+02
   7.8494100e+02
   7.8565200e+02
   7.8636200e+02
   7.8707300e+02
   7.8778300e+02
   7.8849300e+02
   7.8920300e+02
   7.8991200e+02
   7.9062100e+02
   7.9133000e+02
   7.9203900e+02
   7.9274700e+02
   7.9345600e+02
   7.9416300e+02
   7.9487100e+02
   7.9557800e+02
   7.9628500e+02
   7.9699200e+02
   7.9769900e+02
   7.9840500e+02
   7.9911100e+02
   7.9981700e+02
   8.0052200e+02
   8.0122700e+02
   8.0193200e+02
   8.0263700e+02
   8.0334100e+02
   8.0404600e+02
   8.0474900e+02
   8.0545300e+02
   8.0615600e+02
   8.0685900e+02
   8.0756200e+02
   8.0826500e+02
   8.0896700e+02
   8.0966900e+02
   8.1037000e+02
   8.1107200e+02
   8.1177300e+02
   8.1247300e+02
   8.1317400e+02
   8.1387400e+02
   8.1457400e+02
   8.1527400e+02
   8.1597300e+02
   8.1667200e+02
   8.1737100e+02
   8.1807000e+02
   8.1876800e+02
   8.1946600e+02
   8.2016300e+02
   8.2086100e+02
   8.2155800e+02
   8.2225500e+02
   8.2295100e+02
   8.2364700e+02
   8.2434300e+02
   8.2503900e+02
   8.2573400e+02
   8.2642900e+02
   8.2712400e+02
   8.2781900e+02
   8.2851300e+02
   8.2920700e+02
   8.2990000e+02
   8.3059300e+02
   8.3128600e+02
   8.3197900e+02
   8.3267100e+02
   8.3336300e+02
   8.3405500e+02
   8.3474700e+02
   8.3543800e+02
   8.3612900e+02
   8.3681900e+02
   8.3750900e+02
   8.3819900e+02
   8.3888900e+02
   8.3957800e+02
   8.4026700e+02
   8.4095600e+02
   8.4164400e+02
   8.4233200e+02
   8.4302000e+02
   8.4370700e+02
   8.4439500e+02
   8.4508100e+02
   8.4576800e+02
   8.4645400e+02
   8.4714000e+02
   8.4782600e+02
   8.4851100e+02
   8.4919600e+02
   8.4988000e+02
   8.5056500e+02
   8.5124900e+02
   8.5193200e+02
   8.5261600e+02
   8.5329900e+02
   8.5398100e+02
   8.5466400e+02
   8.5534600e+02
   8.5602700e+02
   8.5670900e+02
   8.5739000e+02
   8.5807000e+02
   8.5875100e+02
   8.5943100e+02
   8.6011100e+02
   8.6079000e+02
   8.6146900e+02
   8.6214800e+02
   8.6282600e+02
   8.6350500e+02
   8.6418200e+02
   8.6486000e+02
   8.6553700e+02
   8.6621400e+02
   8.6689000e+02
   8.6756600e+02
   8.6824200e+02
   8.6891700e+02
   8.6959200e+02
   8.7026700e+02
   8.7094100e+02
   8.7161600e+02
   8.7228900e+02
   8.7296300e+02
   8.7363600e+02
   8.7430800e+02
   8.7498100e+02
   8.7565300e+02
   8.7632400e+02
   8.7699600e+02
   8.7766700e+02
   8.7833700e+02
   8.7900800e+02
   8.7967800e+02
   8.8034700e+02
   8.8101600e+02
   8.8168500e+02
   8.8235400e+02
   8.8302200e+02
   8.8369000e+02
   8.8435800e+02
   8.8502500e+02
   8.8569100e+02
   8.8635800e+02
   8.8702400e+02
   8.8769000e+02
   8.8835500e+02
   8.8902000e+02
   8.8968500e+02
   8.9034900e+02
   8.9101300e+02
   8.9167700e+02
   8.9234000e+02
   8.9300300e+02
   8.9366600e+02
   8.9432800e+02
   8.9499000e+02
   8.9565100e+02
   8.9631200e+02
   8.9697300e+02
   8.9763300e+02
   8.9829300e+02
   8.9895300e+02
   8.9961200e+02
   9.0027100e+02
   9.0093000e+02
   9.0158800e+02
   9.0224600e+02
   9.0290400e+02
   9.0356100e+02
   9.0421700e+02
   9.0487400e+02
   9.0553000e+02
   9.0618600e+02
   9.0684100e+02
   9.0749600e+02
   9.0815000e+02
   9.0880500e+02
   9.0945900e+02
   9.1011200e+02
   9.1076500e+02
   9.1141800e+02
   9.1207000e+02
   9.1272200e+02
   9.1337400e+02
   9.1402500e+02
   9.1467600e+02
   9.1532700e+02
   9.1597700e+02
   9.1662700e+02
   9.1727600e+02
   9.1792500e+02
   9.1857400e+02
   9.1922200e+02
   9.1987000e+02
   9.2051800e+02
   9.2116500e+02
   9.2181200e+02
   9.2245800e+02
   9.2310400e+02
   9.2375000e+02
   9.2439500e+02
   9.2504000e+02
   9.2568500e+02
   9.2632900e+02
   9.2697300e+02
   9.2761700e+02
   9.2826000e+02
   9.2890200e+02
   9.2954500e+02
   9.3018700e+02
   9.3082800e+02
   9.3147000e+02
   9.3211100e+02
   9.3275100e+02
   9.3339100e+02
   9.3403100e+02
   9.3467000e+02
   9.3530900e+02
   9.3594800e+02
   9.3658600e+02
   9.3722400e+02
   9.3786200e+02
   9.3849900e+02
   9.3913600e+02
   9.3977200e+02
   9.4040800e+02
   9.4104400e+02
   9.4167900e+02
   9.4231400e+02
   9.4294900e+02
   9.4358300e+02
   9.4421700e+02
   9.4485000e+02
   9.4548300e+02
   9.4611600e+02
   9.4674800e+02
   9.4738000e+02
   9.4801200e+02
   9.4864300e+02
   9.4927400e+02
   9.4990400e+02
   9.5053400e+02
   9.5116400e+02
   9.5179300e+02
   9.5242200e+02
   9.5305100e+02
   9.5367900e+02
   9.5430700e+02
   9.5493400e+02
   9.5556200e+02
   9.5618800e+02
   9.5681500e+02
   9.5744100e+02
   9.5806700e+02
   9.5869200e+02
   9.5931700e+02
   9.5994100e+02
   9.6056600e+02
   9.6118900e+02
   9.6181300e+02
   9.6243600e+02
   9.6305900e+02
   9.6368100e+02
   9.6430300e+02
   9.6492500e+02
   9.6554600e+02
   9.6616700e+02
   9.6678800e+02
   9.6740800e+02
   9.6802800e+02
   9.6864800e+02
   9.6926700e+02
   9.6988600e+02
   9.7050400e+02
   9.7112200e+02
   9.7174000e+02
   9.7235700e+02
   9.7297400e+02
   9.7359100e+02
   9.7420700e+02
   9.7482300e+02
   9.7543900e+02
   9.7605400e+02
   9.7666900e+02
   9.7728400e+02
   9.7789800e+02
   9.7851200e+02
   9.7912500e+02
   9.7973900e+02
   9.8035200e+02
   9.8096400e+02
   9.8157600e+02
   9.8218800e+02
   9.8280000e+02
   9.8341100e+02
   9.8402200e+02
   9.8463200e+02
   9.8524200e+02
   9.8585200e+02
   9.8646100e+02
   9.8707100e+02
   9.8767900e+02
   9.8828800e+02
   9.8889600e+02
   9.8950400e+02
   9.9011100e+02
   9.9071800e+02
   9.9132500e+02
   9.9193200e+02
   9.9253800e+02
   9.9314400e+02
   9.9374900e+02
   9.9435500e+02
   9.9496000e+02
   9.9556400e+02
   9.9616800e+02
   9.9677200e+02
   9.9737600e+02
   9.9797900e+02
   9.9858200e+02
   9.9918500e+02
   9.9978700e+02
   1.0003900e+03
   1.0009910e+03
   1.0015930e+03
   1.0021940e+03
   1.0027950e+03
   1.0033950e+03
   1.0039960e+03
   1.0045960e+03
   1.0051950e+03
   1.0057950e+03
   1.0063940e+03
   1.0069920e+03
   1.0075910e+03
   1.0081890e+03
   1.0087870e+03
   1.0093850e+03
   1.0099820e+03
   1.0105790e+03
   1.0111760e+03
   1.0117720e+03
   1.0123690e+03
   1.0129650e+03
   1.0135600e+03
   1.0141560e+03
   1.0147510e+03
   1.0153460e+03
   1.0159400e+03
   1.0165350e+03
   1.0171290e+03
   1.0177230e+03
   1.0183160e+03
   1.0189090e+03
   1.0195020e+03
   1.0200950e+03
   1.0206880e+03
   1.0212800e+03
   1.0218720e+03
   1.0224640e+03
   1.0230550e+03
   1.0236470e+03
   1.0242380e+03
   1.0248280e+03
   1.0254190e+03
   1.0260090e+03
   1.0265990e+03
   1.0271890e+03
   1.0277790e+03
   1.0283680e+03
   1.0289580e+03
   1.0295460e+03
   1.0301350e+03
   1.0307240e+03
   1.0313120e+03
   1.0319000e+03
   1.0324880e+03
   1.0330760e+03
   1.0336630e+03
   1.0342500e+03
   1.0348380e+03
   1.0354240e+03
   1.0360110e+03
   1.0365980e+03
   1.0371840e+03
   1.0377700e+03
   1.0383560e+03
   1.0389420e+03
   1.0395270e+03
   1.0401130e+03
   1.0406980e+03
   1.0412830e+03
   1.0418680e+03
   1.0424520e+03
   1.0430370e+03
   1.0436210e+03
   1.0442050e+03
   1.0447890e+03
   1.0453730e+03
   1.0459570e+03
   1.0465400e+03
   1.0471240e+03
   1.0477070e+03
   1.0482900e+03
   1.0488730e+03
   1.0494560e+03
   1.0500390e+03
   1.0506210e+03
   1.0512040e+03
   1.0517860e+03
   1.0523680e+03
   1.0529500e+03
   1.0535320e+03
   1.0541140e+03
   1.0546960e+03
   1.0552780e+03
   1.0558590e+03
   1.0564410e+03
   1.0570220e+03
   1.0576030e+03
   1.0581840e+03
   1.0587660e+03
   1.0593460e+03
   1.0599270e+03
   1.0605080e+03
   1.0610890e+03
   1.0616700e+03
   1.0622500e+03
   1.0628310e+03
   1.0634110e+03
   1.0639920e+03
   1.0645720e+03
   1.0651520e+03
   1.0657330e+03
   1.0663130e+03
   1.0668930e+03
   1.0674730e+03
   1.0680530e+03
   1.0686340e+03
   1.0692140e+03
   1.0697940e+03
   1.0703740e+03
   1.0709540e+03
   1.0715340e+03
   1.0721140e+03
   1.0726940e+03
   1.0732740e+03
   1.0738540e+03
   1.0744340e+03
   1.0750140e+03
   1.0755940e+03
   1.0761740e+03
   1.0767540e+03
   1.0773340e+03
   1.0779140e+03
   1.0784940e+03
   1.0790740e+03
   1.0796540e+03
   1.0802350e+03
   1.0808150e+03
   1.0813950e+03
   1.0819760e+03
   1.0825560e+03
   1.0831370e+03
   1.0837180e+03
   1.0842980e+03
   1.0848790e+03
   1.0854600e+03
   1.0860410e+03
   1.0866220e+03
   1.0872030e+03
   1.0877850e+03
   1.0883660e+03
   1.0889470e+03
   1.0895290e+03
   1.0901110e+03
   1.0906930e+03
   1.0912740e+03
   1.0918570e+03
   1.0924390e+03
   1.0930210e+03
   1.0936040e+03
   1.0941860e+03
   1.0947690e+03
   1.0953520e+03
   1.0959350e+03
   1.0965190e+03
   1.0971020e+03
   1.0976860e+03
   1.0982700e+03
   1.0988540e+03
   1.0994380e+03
   1.1000220e+03
   1.1006070e+03
   1.1011920e+03
   1.1017770e+03
   1.1023620e+03
   1.1029480e+03
   1.1035340e+03
   1.1041200e+03
   1.1047060e+03
   1.1052920e+03
   1.1058790e+03
   1.1064660e+03
   1.1070530e+03
   1.1076410e+03
   1.1082280e+03
   1.1088170e+03
   1.1094050e+03
   1.1099930e+03
   1.1105820e+03
   1.1111720e+03
   1.1117610e+03
   1.1123510e+03
   1.1129410e+03
   1.1135310e+03
   1.1141220e+03
   1.1147130e+03
   1.1153050e+03
   1.1158960e+03
   1.1164890e+03
   1.1170810e+03
   1.1176740e+03
   1.1182670e+03
   1.1188610e+03
   1.1194550e+03
   1.1200490e+03
   1.1206440e+03
   1.1212390e+03
   1.1218340e+03
   1.1224300e+03
   1.1230270e+03
   1.1236230e+03
   1.1242200e+03
   1.1248180e+03
   1.1254160e+03
   1.1260150e+03
   1.1266140e+03
   1.1272130e+03
   1.1278130e+03
   1.1284130e+03
   1.1290140e+03
   1.1296150e+03
   1.1302170e+03
   1.1308190e+03
   1.1314220e+03
   1.1320250e+03
   1.1326290e+03
   1.1332330e+03
   1.1338380e+03
   1.1344430e+03
   1.1350490e+03
   1.1356550e+03
   1.1362620e+03
   1.1368700e+03
   1.1374780e+03
   1.1380870e+03
   1.1386960e+03
   1.1393060e+03
   1.1399160e+03
   1.1405270e+03
   1.1411390e+03
   1.1417510e+03
   1.1423640e+03
   1.1429770e+03
   1.1435910e+03
   1.1442060e+03
   1.1448210e+03
   1.1454370e+03
   1.1460540e+03
   1.1466720e+03